10
24  
10, 15, 20, 30, 8, 10, 15, 20, 30, 8
5, 8, 12, 10, 5, 5, 8, 12, 10, 5
0, 0, 0, 0, 0, 0, 0, 0, 0, 0
30, 25, 40, 24, 35, 30, 25, 40, 24, 35
2, 3, 4, 1, 2, 2, 3, 4, 1, 2
20, 30, 15, 25, 28, 20, 30, 15, 25, 28
50, 60, 40, 80, 80, 50, 60, 40, 80, 80
10, 15, 8, 18, 20, 10, 15, 8, 18, 20
5, 8, 4, 3, 5, 5, 8, 4, 3, 5
0, 0, 0, 0, 0, 0, 0, 0, 0, 0
80, 100, 90, 120, 200, 180, 150, 380, 100, 90, 100, 200, 300, 140, 165, 190, 195, 140, 50, 180, 200, 200, 230, 100
10, 15, 12, 20, 50, 10, 25, 30, 100, 15, 10, 10, 20, 30, 50, 10, 30, 10, 12, 50, 13, 11, 17, 10