10
30
35,27,16,22,34,27,19,23,18,36
1.2,0.9,1.6,1.0,1.2,1.3,1.4,1.6,1.7,1.8
0,0,0,0,0,0,0,0,0,0
60,55,43,37,54,54,16,12,7,10
0.130,0.160,0.130,0.160,0.120,0.170,0.190,0.220,0.280,0.280
107,107,78,62,112,113,140,130,80,70,
310,460,550,310,640,580,430,370,590,590
370,310,250,200,450,420,310,250,430,430
260,310,340,280,230,160,460,430,390,390
0,0,0,0,0,0,0,0,0,0
500,400,350,300,450,550,400,250,300,350,400,450,500,550,300,350,400,450,500,550,250,300,350,400,450,500,550,300,400,345
80,90,30,35,45,60,70,80,15,20,25,50,60,70,80,15,20,25,15,50,40,30,25,35,60,45,20,40,50,60